1,0,0,0,0,0,0.03,0,0,
1,0,1,0,0,0,0.06,0,0,
1,1,0,0,0,0,0.09,0,0,
1,1,0,1,0,0,0.12,0,0
1,0,0,1,0,0,0.15,0,0
1,1,1,0,0,0,0.18,0,0,
1,1,1,1,0,0,0.21,0,0,
1,0,1,1,0,0,0.24,0,0,
0,1,1,0,0,0,0.27,0,0,
0,1,1,1,0,0,0.30,0,0,
1,0,0,0,1,0,0.33,0,0,
1,0,1,0,1,0,0.36,0,0,
1,1,0,0,1,0,0.39,0,0,
1,1,0,1,1,0,0.42,0,0,
1,0,0,1,1,0,0.45,0,0,
1,1,1,0,1,0,0.48,0,0,
1,1,1,1,1,0,0.51,0,0,
1,0,1,1,1,0,0.54,0,0
0,1,1,0,1,0,0.57,0,0
0,1,1,1,1,0,0.60,0,0
1,0,0,0,1,1,0.63,0,0
1,0,1,0,1,1,0.66,0,0
0,1,1,1,0,1,0.69,0,0
1,1,0,0,1,1,0.72,0,0
1,1,0,1,1,1,0.75,0,0
1,0,0,1,1,1,0.78,0,0
0,0,0,1,1,1,0,0.03,0
0,0,1,0,0,0,0,0.06,0
0,0,1,0,1,0,0,0.09,0
0,0,1,1,0,0,0,0.12,0
0,0,1,1,0,1,0,0.15,0
0,0,1,0,0,1,0,0.18,0
0,0,1,1,1,0,0,0.21,0
0,0,1,1,1,1,0,0.24,0
0,0,1,0,1,1,0,0.27,0
0,0,0,1,1,0,0,0.30,0
0,1,1,0,1,1,0,0,0.03
1,1,0,0,0,1,0,0,0.06
1,0,0,0,0,1,0,0,0.09
1,0,1,1,1,1,0,0,0.12
0,1,1,1,1,1,0,0,0.15
0,0,0,0,1,1,0,0,0.18
0,1,0,1,0,1,0,0,0.21
0,1,0,0,1,1,0,0,0.24
1,1,1,1,1,1,0,0,0.27
1,0,0,1,0,1,0,0,0.30
0,0,0,1,0,1,0,0,0.33
0,0,0,1,0,0,0,0,0.36
0,1,0,0,0,1,0,0,0.39
0,0,0,0,0,1,0,0,0.42
1,1,0,1,0,1,0,0,0.45
0,1,0,0,1,0,0,0,0.48
0,0,0,0,1,0,0,0,0.51
0,1,0,1,1,1,0,0,0.54
0,1,0,0,0,0,0,0,0.57
0,1,0,1,0,0,0,0,0.60
1,1,1,0,1,1,0,0,0.63
1,1,1,0,0,1,0,0,0.66
1,0,1,1,0,1,0,0,0.69
0,1,1,0,0,1,0,0,0.72
1,1,1,1,0,1,0,0,0.75
1,0,1,0,0,1,0,0,0.78
0,1,0,1,1,0,0,0,0.82
0,0,0,0,0,0,0,0,0.85
1,0,0,0,0,0,0.03,0,0,
1,0,1,0,0,0,0.06,0,0,
1,1,0,0,0,0,0.09,0,0,
1,1,0,1,0,0,0.12,0,0
1,0,0,1,0,0,0.15,0,0
1,1,1,0,0,0,0.18,0,0,
1,1,1,1,0,0,0.21,0,0,
1,0,1,1,0,0,0.24,0,0,
0,1,1,0,0,0,0.27,0,0,
0,1,1,1,0,0,0.30,0,0,
1,0,0,0,1,0,0.33,0,0,
1,0,1,0,1,0,0.36,0,0,
1,1,0,0,1,0,0.39,0,0,
1,1,0,1,1,0,0.42,0,0,
1,0,0,1,1,0,0.45,0,0,
1,1,1,0,1,0,0.48,0,0,
1,1,1,1,1,0,0.51,0,0,
1,0,1,1,1,0,0.54,0,0
0,1,1,0,1,0,0.57,0,0
0,1,1,1,1,0,0.60,0,0
1,0,0,0,1,1,0.63,0,0
1,0,1,0,1,1,0.66,0,0
0,1,1,1,0,1,0.69,0,0
1,1,0,0,1,1,0.72,0,0
1,1,0,1,1,1,0.75,0,0
1,0,0,1,1,1,0.78,0,0
0,0,0,1,1,1,0,0.03,0
0,0,1,0,0,0,0,0.06,0
0,0,1,0,1,0,0,0.09,0
0,0,1,1,0,0,0,0.12,0
0,0,1,1,0,1,0,0.15,0
0,0,1,0,0,1,0,0.18,0
0,0,1,1,1,0,0,0.21,0
0,0,1,1,1,1,0,0.24,0
0,0,1,0,1,1,0,0.27,0
0,0,0,1,1,0,0,0.30,0
0,1,1,0,1,1,0,0,0.03
1,1,0,0,0,1,0,0,0.06
1,0,0,0,0,1,0,0,0.09
1,0,1,1,1,1,0,0,0.12
0,1,1,1,1,1,0,0,0.15
0,0,0,0,1,1,0,0,0.18
0,1,0,1,0,1,0,0,0.21
0,1,0,0,1,1,0,0,0.24
1,1,1,1,1,1,0,0,0.27
1,0,0,1,0,1,0,0,0.30
0,0,0,1,0,1,0,0,0.33
0,0,0,1,0,0,0,0,0.36
0,1,0,0,0,1,0,0,0.39
0,0,0,0,0,1,0,0,0.42
1,1,0,1,0,1,0,0,0.45
0,1,0,0,1,0,0,0,0.48
0,0,0,0,1,0,0,0,0.51
0,1,0,1,1,1,0,0,0.54
0,1,0,0,0,0,0,0,0.57
0,1,0,1,0,0,0,0,0.60
1,1,1,0,1,1,0,0,0.63
1,1,1,0,0,1,0,0,0.66
1,0,1,1,0,1,0,0,0.69
0,1,1,0,0,1,0,0,0.72
1,1,1,1,0,1,0,0,0.75
1,0,1,0,0,1,0,0,0.78
0,1,0,1,1,0,0,0,0.82
0,0,0,0,0,0,0,0,0.85
1,0,0,0,0,0,0.03,0,0,
1,0,1,0,0,0,0.06,0,0,
1,1,0,0,0,0,0.09,0,0,
1,1,0,1,0,0,0.12,0,0
1,0,0,1,0,0,0.15,0,0
1,1,1,0,0,0,0.18,0,0,
1,1,1,1,0,0,0.21,0,0,
1,0,1,1,0,0,0.24,0,0,
0,1,1,0,0,0,0.27,0,0,
0,1,1,1,0,0,0.30,0,0,
1,0,0,0,1,0,0.33,0,0,
1,0,1,0,1,0,0.36,0,0,
1,1,0,0,1,0,0.39,0,0,
1,1,0,1,1,0,0.42,0,0,
1,0,0,1,1,0,0.45,0,0,
1,1,1,0,1,0,0.48,0,0,
1,1,1,1,1,0,0.51,0,0,
1,0,1,1,1,0,0.54,0,0
0,1,1,0,1,0,0.57,0,0
0,1,1,1,1,0,0.60,0,0
1,0,0,0,1,1,0.63,0,0
1,0,1,0,1,1,0.66,0,0
0,1,1,1,0,1,0.69,0,0
1,1,0,0,1,1,0.72,0,0
1,1,0,1,1,1,0.75,0,0
1,0,0,1,1,1,0.78,0,0
0,0,0,1,1,1,0,0.03,0
0,0,1,0,0,0,0,0.06,0
0,0,1,0,1,0,0,0.09,0
0,0,1,1,0,0,0,0.12,0
0,0,1,1,0,1,0,0.15,0
0,0,1,0,0,1,0,0.18,0
0,0,1,1,1,0,0,0.21,0
0,0,1,1,1,1,0,0.24,0
0,0,1,0,1,1,0,0.27,0
0,0,0,1,1,0,0,0.30,0
0,1,1,0,1,1,0,0,0.03
1,1,0,0,0,1,0,0,0.06
1,0,0,0,0,1,0,0,0.09
1,0,1,1,1,1,0,0,0.12
0,1,1,1,1,1,0,0,0.15
0,0,0,0,1,1,0,0,0.18
0,1,0,1,0,1,0,0,0.21
0,1,0,0,1,1,0,0,0.24
1,1,1,1,1,1,0,0,0.27
1,0,0,1,0,1,0,0,0.30
0,0,0,1,0,1,0,0,0.33
0,0,0,1,0,0,0,0,0.36
0,1,0,0,0,1,0,0,0.39
0,0,0,0,0,1,0,0,0.42
1,1,0,1,0,1,0,0,0.45
0,1,0,0,1,0,0,0,0.48
0,0,0,0,1,0,0,0,0.51
0,1,0,1,1,1,0,0,0.54
0,1,0,0,0,0,0,0,0.57
0,1,0,1,0,0,0,0,0.60
1,1,1,0,1,1,0,0,0.63
1,1,1,0,0,1,0,0,0.66
1,0,1,1,0,1,0,0,0.69
0,1,1,0,0,1,0,0,0.72
1,1,1,1,0,1,0,0,0.75
1,0,1,0,0,1,0,0,0.78
0,1,0,1,1,0,0,0,0.82
0,0,0,0,0,0,0,0,0.85
1,0,0,0,0,0,0.03,0,0,
1,0,1,0,0,0,0.06,0,0,
1,1,0,0,0,0,0.09,0,0,
1,1,0,1,0,0,0.12,0,0
1,0,0,1,0,0,0.15,0,0
1,1,1,0,0,0,0.18,0,0,
1,1,1,1,0,0,0.21,0,0,
1,0,1,1,0,0,0.24,0,0,
0,1,1,0,0,0,0.27,0,0,
0,1,1,1,0,0,0.30,0,0,
1,0,0,0,1,0,0.33,0,0,
1,0,1,0,1,0,0.36,0,0,
1,1,0,0,1,0,0.39,0,0,
1,1,0,1,1,0,0.42,0,0,
1,0,0,1,1,0,0.45,0,0,
1,1,1,0,1,0,0.48,0,0,
1,1,1,1,1,0,0.51,0,0,
1,0,1,1,1,0,0.54,0,0
0,1,1,0,1,0,0.57,0,0
0,1,1,1,1,0,0.60,0,0
1,0,0,0,1,1,0.63,0,0
1,0,1,0,1,1,0.66,0,0
0,1,1,1,0,1,0.69,0,0
1,1,0,0,1,1,0.72,0,0
1,1,0,1,1,1,0.75,0,0
1,0,0,1,1,1,0.78,0,0
0,0,0,1,1,1,0,0.03,0
0,0,1,0,0,0,0,0.06,0
0,0,1,0,1,0,0,0.09,0
0,0,1,1,0,0,0,0.12,0
0,0,1,1,0,1,0,0.15,0
0,0,1,0,0,1,0,0.18,0
0,0,1,1,1,0,0,0.21,0
0,0,1,1,1,1,0,0.24,0
0,0,1,0,1,1,0,0.27,0
0,0,0,1,1,0,0,0.30,0
0,1,1,0,1,1,0,0,0.03
1,1,0,0,0,1,0,0,0.06
1,0,0,0,0,1,0,0,0.09
1,0,1,1,1,1,0,0,0.12
0,1,1,1,1,1,0,0,0.15
0,0,0,0,1,1,0,0,0.18
0,1,0,1,0,1,0,0,0.21
0,1,0,0,1,1,0,0,0.24
1,1,1,1,1,1,0,0,0.27
1,0,0,1,0,1,0,0,0.30
0,0,0,1,0,1,0,0,0.33
0,0,0,1,0,0,0,0,0.36
0,1,0,0,0,1,0,0,0.39
0,0,0,0,0,1,0,0,0.42
1,1,0,1,0,1,0,0,0.45
0,1,0,0,1,0,0,0,0.48
0,0,0,0,1,0,0,0,0.51
0,1,0,1,1,1,0,0,0.54
0,1,0,0,0,0,0,0,0.57
0,1,0,1,0,0,0,0,0.60
1,1,1,0,1,1,0,0,0.63
1,1,1,0,0,1,0,0,0.66
1,0,1,1,0,1,0,0,0.69
0,1,1,0,0,1,0,0,0.72
1,1,1,1,0,1,0,0,0.75
1,0,1,0,0,1,0,0,0.78
0,1,0,1,1,0,0,0,0.82
0,0,0,0,0,0,0,0,0.85